2.679527
3.384774
4.115741
4.872428
5.654836
6.462963
7.296811
8.156380
9.041666
9.952675
10.889404
11.851851
12.840021
13.853909
14.893518
15.958849
17.049898
18.166666
19.309156
20.477367
21.671297
22.890949
24.136318
25.407406
26.704220
28.026751
29.375000
30.748970
32.148663
33.574074
35.025204
36.502060
38.004631
39.532925
41.086937
42.666664
44.272121
45.903290
47.560184
49.242798
50.951134
52.685188
54.444962
56.230461
58.041664
59.878601
61.741257
63.629623
65.543724
67.483543
69.449081
71.440338
73.457306
75.500000
77.568420
79.662552
81.782410
83.927979
86.099289
88.296295
90.519035
92.767487
95.041672
97.341576
99.667183
102.018524
104.395569
106.798355
109.226852
111.681076
114.160995
116.666664
119.198059
121.755150
124.337967
126.946503
129.580765
132.240738
134.926453
137.637848
140.375000
143.137863
145.926437
148.740753
151.580765
154.446503
157.337952
160.255157
163.198044
166.166656
169.161011
172.181061
175.226868
178.298370
181.395569
184.518494
187.667191
190.841553
194.041687
197.267502
200.519012
203.796295
207.099274
210.428009
213.782410
217.162537
220.568390
224.000000
227.457321
230.940338
234.449066
237.983521
241.543732
245.129623
248.741272
252.378601
256.041656
259.730469
263.445007
267.185181
270.951141
274.742798
278.560211
282.403259
286.272125
290.166687
294.086945
298.032959
302.004608
306.002075
310.025208
314.074097
318.148651
322.248962
326.375000
330.526764
334.704224
338.907410
343.136292
347.390961
