3.192387
4.436214
5.731481
7.078189
8.476337
9.925924
11.426954
12.979424
14.583332
16.238682
17.945473
19.703701
21.513374
23.374485
25.287035
27.251030
29.266462
31.333332
33.451645
35.621399
37.842594
40.115227
42.439301
44.814808
47.241768
49.720169
52.250000
54.831272
57.463989
60.148140
62.883739
65.670784
68.509262
71.399178
74.340530
77.333328
80.377571
83.473251
86.620361
89.818924
93.068932
96.370377
99.723251
103.127579
106.583328
110.090530
113.649178
117.259247
120.920776
124.633743
128.398148
132.214005
136.081268
140.000000
143.970169
147.991760
152.064804
156.189301
160.365234
164.592575
168.871399
173.201630
177.583344
182.016479
186.501022
191.037048
195.624466
200.263382
204.953690
209.695465
214.488663
219.333313
224.229446
229.176956
234.175934
239.226318
244.328186
249.481476
254.686218
259.942383
265.250000
270.609070
276.019531
281.481506
286.994843
292.559692
298.175903
303.843658
309.562744
315.333313
321.155365
327.028809
332.953735
338.930054
344.957825
351.036987
357.167694
363.349792
369.583344
375.868317
