2.346194
2.718107
3.115741
3.539095
3.988169
4.462963
4.963477
5.489712
6.041667
6.619342
7.222737
7.851851
8.506687
9.187243
9.893518
10.625515
11.383231
12.166666
12.975822
13.810699
14.671297
15.557615
16.469650
17.407406
18.370886
19.360085
20.375000
21.415638
22.481995
23.574074
24.691872
25.835394
27.004631
28.199589
29.420269
30.666666
31.938787
33.236626
34.560184
35.909462
37.284466
38.685188
40.111626
41.563789
43.041664
44.545265
46.074593
47.629623
49.210388
50.816875
52.449074
54.107002
55.790634
57.500000
59.235085
60.995880
62.782406
64.594650
66.432617
68.296295
70.185699
72.100815
74.041672
76.008240
78.000519
80.018524
82.062241
84.131691
86.226852
88.347740
90.494331
92.666664
94.864723
97.088486
99.337967
101.613167
103.914093
106.240738
108.593109
110.971191
113.375000
115.804535
118.259766
120.740746
123.247429
125.779846
128.337952
130.921829
133.531372
136.166656
138.827682
141.514404
144.226868
146.965027
149.728912
152.518494
155.333862
158.174896
161.041672
163.934174
166.852356
169.796295
172.765930
175.761337
178.782410
181.829208
184.901733
188.000000
191.123993
194.273682
197.449066
200.650192
203.877060
207.129623
210.407928
213.711929
217.041656
220.397125
223.778320
227.185165
230.617798
234.076141
237.560196
241.069931
244.605453
248.166672
251.753601
255.366287
259.004608
262.668732
266.358551
270.074097
273.815308
277.582275
281.375000
285.193420
289.037567
292.907410
296.802979
300.724274
