1000.000000
1000.000000
1000.000000
2.424280
3.502983
4.607408
5.737552
6.893416
8.075001
9.282304
10.515329
11.774075
13.058540
14.368724
15.704629
17.066257
18.453602
19.866667
21.305452
22.769958
24.260187
25.776134
27.317799
28.885185
30.478294
32.097122
33.741669
35.411934
37.107922
38.829632
40.577057
42.350212
44.149078
45.973663
47.823975
49.700001
51.601746
53.529217
55.482407
57.461315
59.465954
61.496300
63.552372
65.634155
67.741669
69.874901
72.033844
74.218521
76.428909
78.665031
80.926849
83.214409
85.527687
87.866669
90.231384
92.621811
95.037956
97.479828
99.947433
102.440735
104.959778
107.504532
110.075005
112.671204
115.293106
117.940750
120.614098
123.313171
126.037964
128.788483
131.564697
134.366669
137.194351
140.047729
142.926849
145.831696
148.762253
151.718521
154.700516
157.708221
160.741669
163.800842
166.885712
169.996307
173.132614
176.294647
179.482391
182.695892
185.935089
189.200012
192.490662
195.807007
199.149078
202.516861
205.910400
209.329620
212.774612
216.245270
219.741669
223.263794
226.811630
230.385223
233.984467
237.609467
241.260162
244.936630
248.638794
252.366684
256.120270
259.899567
263.704651
267.535400
271.391907
275.274109
279.181976
283.115631
287.075012
291.060120
295.070892
299.107422
303.169647
307.257629
311.371338
315.510681
319.675842
323.866638
328.083252
332.325562
336.593506
340.887268
345.206696
349.551880
353.922699
358.319336
362.741699
367.189728
371.663513
376.162964
380.688171
385.239105
