1000.000000
1000.000000
1000.000000
1000.000000
1000.000000
1000.000000
1000.000000
1000.000000
1000.000000
1000.000000
2.211626
3.285185
4.384465
5.509465
6.660185
7.836627
9.038787
10.266667
11.520267
12.799587
14.104630
15.435391
16.791874
18.174074
19.581999
21.015638
22.475000
23.960083
25.470884
27.007406
28.569649
30.157618
31.771297
33.410706
35.075825
36.766666
38.483231
40.225513
41.993515
43.787243
45.606689
47.451859
49.322739
51.219341
53.141670
55.089714
57.063477
59.062965
61.088169
63.139099
65.215744
67.318108
69.446198
71.600006
73.779533
75.984772
78.215736
80.472427
82.754837
85.062958
87.396812
89.756371
92.141678
94.552689
96.989403
99.451859
101.940018
104.453918
106.993515
109.558853
112.149895
114.766663
117.409172
120.077370
122.771301
125.490952
128.236328
131.007401
133.804230
136.626755
139.475006
142.348984
145.248657
148.174088
151.125214
154.102066
157.104630
160.132935
163.186920
166.266678
169.372131
172.503296
175.660187
178.842789
182.051147
185.285187
188.544952
191.830444
195.141678
198.478607
201.841248
205.229645
208.643723
212.083557
215.549088
219.040314
222.557281
226.100006
229.668442
233.262573
236.882416
240.527969
244.199280
247.896286
251.619049
255.367493
259.141663
262.941589
266.767212
270.618500
274.495575
278.398346
282.326874
286.281036
290.260986
294.266663
298.298035
302.355164
306.437927
310.546509
314.680786
318.840759
323.026428
327.237854
331.475006
335.737885
340.026459
344.340759
348.680756
353.046509
