1000.000000
1000.000000
1000.000000
1000.000000
1000.000000
1000.000000
1000.000000
1000.000000
1000.000000
1000.000000
1000.000000
1000.000000
1000.000000
1000.000000
1000.000000
1000.000000
1000.000000
1000.000000
3.068415
4.162551
5.282408
6.427984
7.599280
8.796297
10.019034
11.267491
12.541667
13.841564
15.167180
16.518518
17.895573
19.298357
20.726854
22.181072
23.661011
25.166666
26.698044
28.255146
29.837961
31.446501
33.080765
34.740746
36.426441
38.137863
39.875000
41.637859
43.426441
45.240742
47.080757
48.946510
50.837967
52.755150
54.698048
56.666664
58.661011
60.681068
62.726852
64.798355
66.895584
69.018517
71.167191
73.341560
75.541664
77.767502
80.019035
82.296303
84.599274
86.927986
89.282402
91.662560
94.068420
96.500000
98.957314
101.440323
103.949089
106.483536
109.043732
111.629623
114.241257
116.878593
119.541672
122.230469
124.944962
127.685196
130.451126
133.242813
136.060181
138.903290
141.772110
144.666656
147.586945
150.532928
153.504639
156.502045
159.525208
162.574066
165.648666
168.748962
171.875000
175.026764
178.204224
181.407410
184.636322
187.890961
191.171295
194.477386
197.809158
201.166656
204.549911
207.958847
211.393555
214.853912
218.340027
221.851837
225.389404
228.952667
232.541687
236.156387
239.796844
243.462952
247.154831
250.872452
254.615753
258.384766
262.179504
266.000000
269.846222
273.718140
277.615723
281.539093
285.488159
289.463013
293.463440
297.489716
301.541656
305.619354
309.722778
313.851837
318.006714
322.187256
